0 0.681836 0.757513 0.105767 0.194710
1 0.172085 0.697413 0.293169 0.588507
1 0.331053 0.704079 0.197813 0.579589
1 0.594481 0.456568 0.074075 0.151754
0 0.634197 0.582297 0.076335 0.146713
3 0.504851 0.688304 0.150731 0.609530
1 0.037666 0.929288 0.074810 0.132669
1 0.432086 0.362512 0.055939 0.108119
1 0.560986 0.327223 0.043924 0.070257
0 0.392648 0.277187 0.021346 0.032817
1 0.127583 0.585804 0.160994 0.275577
0 0.452477 0.304315 0.027703 0.034599
1 0.469045 0.202862 0.025053 0.055044
1 0.497304 0.299773 0.040821 0.122844
1 0.390452 0.347290 0.039940 0.081986
1 0.422979 0.440799 0.052199 0.099169
0 0.425709 0.258153 0.030888 0.056223
1 0.525586 0.227439 0.030093 0.071062
1 0.436613 0.213970 0.030048 0.052929
1 0.543220 0.288719 0.035289 0.084360
1 0.329062 0.412888 0.061223 0.115961
3 0.326478 0.331166 0.055069 0.060566