1 0.182323 0.696220 0.290428 0.597613
1 0.332504 0.702813 0.209490 0.581990
0 0.663022 0.687466 0.090024 0.164070
0 0.633301 0.558213 0.071919 0.139173
1 0.600792 0.460205 0.074301 0.150123
3 0.505837 0.688129 0.158050 0.612171
1 0.040624 0.924084 0.080726 0.142434
3 0.353130 0.327052 0.050805 0.089216
3 0.504836 0.301079 0.039446 0.126303
1 0.337568 0.408302 0.059010 0.111872
1 0.399579 0.345578 0.038371 0.078938
1 0.440172 0.354822 0.051925 0.093481
1 0.843475 0.847054 0.309589 0.289753
0 0.800064 0.507125 0.055480 0.061925
1 0.552919 0.290264 0.033075 0.089994
1 0.572827 0.339191 0.044501 0.090623
1 0.524372 0.377433 0.048315 0.143650
3 0.476816 0.208650 0.026107 0.056651
1 0.535505 0.233751 0.028362 0.085876
0 0.431208 0.434593 0.053008 0.090761
1 0.585273 0.410991 0.049058 0.099363