1 0.161888 0.696534 0.298867 0.593320
1 0.325783 0.701566 0.198096 0.584493
3 0.495862 0.686173 0.165261 0.610821
1 0.588778 0.453269 0.074162 0.149968
0 0.647008 0.635401 0.089344 0.175776
0 0.730334 0.885840 0.139349 0.222431
1 0.034704 0.927607 0.068965 0.134834
1 0.385576 0.343973 0.041539 0.086418
1 0.311308 0.353706 0.060160 0.096872
1 0.427886 0.354132 0.052080 0.099586
1 0.538563 0.283023 0.032844 0.085628
1 0.555791 0.321418 0.041331 0.073368
1 0.119587 0.577683 0.159911 0.278442
0 0.373637 0.289692 0.022679 0.040704
3 0.491589 0.292275 0.041247 0.120726
1 0.421304 0.254048 0.030696 0.068068
1 0.491271 0.290908 0.041137 0.120985
1 0.426775 0.208085 0.033052 0.052001
0 0.445857 0.298451 0.025834 0.036277
1 0.322844 0.405728 0.063791 0.115151
1 0.571455 0.413876 0.050087 0.103907
1 0.510381 0.376694 0.048872 0.130094
0 0.407484 0.290628 0.028197 0.048222
3 0.460745 0.195863 0.026173 0.053028