1 0.167669 0.698091 0.294650 0.589121
0 0.691645 0.793331 0.114451 0.212180
1 0.329204 0.703485 0.197890 0.581329
1 0.591725 0.457549 0.075069 0.148814
3 0.500861 0.687259 0.161648 0.608104
0 0.636299 0.595200 0.080161 0.156185
0 0.387681 0.282802 0.023631 0.034998
1 0.035556 0.929310 0.070668 0.131685
1 0.430248 0.355999 0.053937 0.093587
1 0.558808 0.325558 0.043900 0.072328
1 0.388963 0.347929 0.041117 0.083056
1 0.494139 0.299343 0.039643 0.125695
0 0.411082 0.293885 0.026791 0.045214
1 0.124038 0.585778 0.160486 0.275725
1 0.432164 0.217101 0.031206 0.054769
3 0.464292 0.203106 0.024678 0.055727
0 0.420875 0.436921 0.053643 0.092928
1 0.513015 0.382702 0.048257 0.131908
3 0.493971 0.298487 0.039535 0.123938
0 0.423151 0.262513 0.031105 0.061614