1 0.156235 0.695529 0.298823 0.599502
1 0.321038 0.700055 0.198004 0.590465
1 0.594654 0.474676 0.082586 0.164853
1 0.501476 0.695179 0.165610 0.594712
1 0.419384 0.350478 0.058888 0.104093
0 0.350338 0.313965 0.030034 0.047112
0 0.702906 0.835255 0.133486 0.280314
1 0.505347 0.363854 0.049880 0.116666
1 0.703070 0.835052 0.133766 0.279993
1 0.485860 0.288152 0.039085 0.120837
1 0.560545 0.346370 0.056744 0.134930
1 0.300513 0.351934 0.059456 0.092458
3 0.501803 0.694562 0.165594 0.594128
1 0.514781 0.211930 0.028470 0.066250
0 0.440983 0.294061 0.027057 0.036600
1 0.422772 0.205148 0.032249 0.053508
3 0.457243 0.192513 0.026040 0.061441
0 0.402562 0.280908 0.028109 0.036603
1 0.115129 0.573817 0.161335 0.280331
1 0.030598 0.924192 0.060800 0.137891
0 0.380414 0.333734 0.043594 0.074016
1 0.380154 0.335184 0.043993 0.076885
1 0.577829 0.443847 0.063220 0.125391
1 0.318528 0.404915 0.064500 0.118494
0 0.381439 0.253097 0.023295 0.046951
3 0.422491 0.204369 0.032725 0.052671