1 0.211270 0.660245 0.268251 0.630312
1 0.353135 0.678939 0.213200 0.626549
1 0.613569 0.413413 0.070738 0.146652
0 0.643452 0.510853 0.066314 0.134162
0 0.646578 0.620562 0.037241 0.162111
1 0.766408 0.720609 0.218662 0.446540
3 0.508341 0.236612 0.036168 0.113845
0 0.397750 0.240279 0.027091 0.038195
1 0.578636 0.284263 0.042667 0.071355
1 0.450251 0.313278 0.052595 0.101661
1 0.350034 0.355021 0.061447 0.099898
1 0.533527 0.322111 0.048444 0.091858
1 0.531707 0.664642 0.160378 0.655895
0 0.407851 0.301321 0.043647 0.087220
1 0.061950 0.898273 0.123123 0.196349
0 0.467648 0.257642 0.029218 0.034921
3 0.766383 0.721183 0.218654 0.447825
1 0.594407 0.373519 0.048359 0.113634
1 0.442535 0.399542 0.055034 0.110965
3 0.519234 0.448002 0.112067 0.218363
1 0.449522 0.169549 0.032668 0.058259
0 0.442625 0.399821 0.054654 0.110313
0 0.427545 0.248046 0.028907 0.047176