1 0.346260 0.684673 0.210875 0.617312
1 0.195705 0.675114 0.271949 0.633189
1 0.606669 0.425650 0.072280 0.148758
0 0.634429 0.520995 0.068880 0.136907
0 0.636648 0.629168 0.035540 0.162098
1 0.756241 0.731818 0.216245 0.450156
1 0.055198 0.903062 0.109971 0.178947
1 0.398257 0.312884 0.042972 0.084411
1 0.576472 0.307723 0.057428 0.096062
1 0.498588 0.249393 0.036833 0.115307
1 0.523209 0.325705 0.046731 0.105949
1 0.338280 0.358742 0.057820 0.090541
1 0.439743 0.322842 0.053170 0.098865
1 0.584158 0.391733 0.047266 0.133910
1 0.435491 0.178940 0.030434 0.046575
3 0.756185 0.731395 0.215627 0.450072
3 0.498700 0.249709 0.037120 0.114226
0 0.353682 0.303757 0.037453 0.050394
1 0.523805 0.669987 0.158406 0.647585
1 0.151376 0.795126 0.183574 0.397954
3 0.509714 0.458449 0.111595 0.217352
1 0.550506 0.270110 0.031414 0.084391
0 0.433652 0.412789 0.052990 0.115174
1 0.430912 0.224164 0.037002 0.070004
0 0.418265 0.255464 0.029984 0.043577