1 0.201792 0.673933 0.273218 0.637648
1 0.350703 0.682681 0.209896 0.620985
0 0.639621 0.518840 0.068650 0.136191
1 0.608156 0.422524 0.074372 0.152028
3 0.503455 0.243808 0.035954 0.116585
0 0.642523 0.626809 0.037928 0.161464
0 0.377688 0.272156 0.031759 0.048032
1 0.058483 0.901906 0.116480 0.186399
1 0.443317 0.318616 0.055995 0.097455
1 0.761360 0.720315 0.217685 0.434337
0 0.438760 0.406952 0.053492 0.108336
3 0.761514 0.719458 0.217718 0.432357
1 0.573349 0.291758 0.041849 0.070567
1 0.526786 0.667270 0.153021 0.650829
3 0.515133 0.456447 0.111119 0.221237
1 0.343915 0.355035 0.058860 0.087039
1 0.590717 0.374500 0.053593 0.128604
1 0.436212 0.222253 0.034034 0.073079
0 0.422220 0.249969 0.030376 0.046663
1 0.402884 0.306687 0.043281 0.079935
1 0.781517 0.925361 0.202243 0.139035
1 0.528540 0.332046 0.047582 0.093819