1 0.196509 0.674836 0.280481 0.635553
1 0.349920 0.683743 0.213579 0.618817
0 0.639508 0.520684 0.071274 0.137251
1 0.607197 0.424869 0.072066 0.146840
1 0.759310 0.727306 0.217405 0.441258
0 0.640533 0.629360 0.036139 0.159664
3 0.502142 0.247132 0.035991 0.116037
0 0.436986 0.409427 0.054018 0.109959
0 0.371097 0.283432 0.033600 0.050983
1 0.572727 0.298149 0.042670 0.079954
1 0.591418 0.372090 0.058034 0.134811
1 0.342124 0.365314 0.061158 0.104125
1 0.057343 0.902921 0.114195 0.180755
3 0.513623 0.458759 0.111182 0.220532
3 0.759255 0.726070 0.217505 0.439527
1 0.442410 0.321452 0.053707 0.096205
1 0.552226 0.255441 0.033173 0.085909
1 0.526385 0.331179 0.047320 0.089785
0 0.420166 0.248356 0.029448 0.052663
1 0.401246 0.309033 0.042316 0.081222
1 0.420663 0.248990 0.030129 0.053334
0 0.401261 0.310801 0.043518 0.083571