1 0.192464 0.674279 0.275577 0.634947
1 0.343438 0.684805 0.209230 0.616152
1 0.602993 0.422751 0.077603 0.153545
1 0.758805 0.744716 0.225987 0.477328
0 0.632935 0.520205 0.068147 0.134990
0 0.635152 0.628114 0.036537 0.163507
1 0.337687 0.354190 0.058547 0.133078
1 0.053873 0.903892 0.107370 0.178130
1 0.522113 0.669731 0.158683 0.647856
0 0.416341 0.254916 0.028412 0.040197
1 0.438980 0.324434 0.052375 0.098056
0 0.432180 0.411584 0.053891 0.112107
1 0.575000 0.303583 0.057542 0.089210
3 0.497949 0.249228 0.035829 0.113602
1 0.497994 0.249184 0.035978 0.113818
1 0.521968 0.327932 0.047525 0.098107
1 0.396443 0.312380 0.045544 0.083841
1 0.582421 0.388368 0.047779 0.141670
0 0.396546 0.312521 0.044580 0.085242
3 0.522015 0.669786 0.158271 0.645586
1 0.434561 0.177968 0.034792 0.046717
1 0.459785 0.239277 0.033265 0.091270
0 0.381943 0.355386 0.035256 0.050530
0 0.540134 0.229628 0.035263 0.039948