1 0.212237 0.650307 0.267369 0.624697
1 0.357282 0.676731 0.211901 0.632590
0 0.644626 0.506237 0.066428 0.133111
1 0.767398 0.718267 0.217153 0.453246
1 0.614979 0.406507 0.076066 0.147737
0 0.647473 0.614258 0.035928 0.164581
1 0.524730 0.662436 0.142445 0.660516
3 0.509509 0.230399 0.036438 0.116826
1 0.556902 0.241176 0.038757 0.089251
1 0.449434 0.311930 0.055733 0.107781
1 0.580277 0.281593 0.041078 0.076254
1 0.407696 0.296105 0.043484 0.081251
0 0.402795 0.230355 0.023764 0.037896
0 0.467945 0.253912 0.028465 0.039360
1 0.063020 0.896305 0.125086 0.197537
1 0.350453 0.351740 0.059600 0.103458
0 0.408022 0.296082 0.043191 0.080168
1 0.534732 0.319054 0.047958 0.092312
0 0.428554 0.236320 0.027370 0.041110
0 0.444525 0.397375 0.053836 0.111004