1 0.613987 0.683947 0.107370 0.271780
1 0.256089 0.727154 0.113612 0.278488
1 0.298012 0.620974 0.120771 0.285454
0 0.309331 0.950036 0.100016 0.096567
1 0.364639 0.497753 0.064902 0.185806
1 0.411062 0.532906 0.057122 0.195757
0 0.403799 0.664606 0.052993 0.094551
1 0.511323 0.674055 0.079789 0.236724
1 0.205667 0.662927 0.068055 0.160186
1 0.567150 0.549581 0.077873 0.164806
0 0.531382 0.477244 0.025685 0.051417
0 0.463018 0.831443 0.069319 0.074676
0 0.475540 0.380242 0.025343 0.037239
1 0.515707 0.424133 0.031966 0.062988
1 0.489331 0.548219 0.045580 0.091734
0 0.515814 0.423479 0.032091 0.062754
0 0.457277 0.896390 0.081856 0.199254