1 0.634228 0.735670 0.130536 0.321137
1 0.253383 0.748597 0.139606 0.293329
1 0.412414 0.537817 0.062841 0.205386
1 0.519871 0.708887 0.091995 0.270121
1 0.366435 0.493105 0.063801 0.185178
1 0.292269 0.602390 0.129462 0.241068
1 0.583731 0.563313 0.080675 0.171503
0 0.402598 0.681059 0.056504 0.106727
1 0.182527 0.697421 0.081594 0.184046
0 0.538828 0.481459 0.032938 0.059847
0 0.541728 0.528193 0.015975 0.063343
1 0.520409 0.421400 0.031672 0.066903
3 0.485633 0.469279 0.042670 0.100018
0 0.460722 0.902539 0.075364 0.077928
1 0.432988 0.456644 0.039755 0.138009
1 0.485756 0.469796 0.043424 0.097236
1 0.473353 0.335335 0.017088 0.045624
1 0.323269 0.463513 0.028735 0.043723