1 0.351368 0.510458 0.071529 0.211303
0 0.358078 0.887371 0.090454 0.187555
0 0.549945 0.521481 0.041973 0.073619
1 0.219058 0.750718 0.232814 0.485971
1 0.395218 0.622335 0.085013 0.213525
0 0.560308 0.589470 0.029556 0.083267
1 0.535900 0.828941 0.123375 0.301044
1 0.631005 0.683291 0.122838 0.267814
1 0.521078 0.426431 0.035626 0.075107
1 0.387016 0.411500 0.042604 0.096426
1 0.505110 0.384244 0.025048 0.054315
1 0.736858 0.889437 0.170133 0.215814
1 0.423024 0.467200 0.045371 0.120135
1 0.401846 0.526062 0.068540 0.130486
3 0.520993 0.426342 0.035923 0.077315
3 0.485284 0.511078 0.053154 0.127719
1 0.304805 0.480994 0.032024 0.072124
0 0.497767 0.677194 0.070975 0.212037
1 0.050404 0.896038 0.100606 0.202696
0 0.542066 0.949670 0.108590 0.098854
1 0.180563 0.840680 0.157150 0.312993
1 0.470963 0.333760 0.019628 0.045336
1 0.414764 0.364424 0.029067 0.051027