1 0.624868 0.701952 0.118548 0.293849
1 0.254788 0.729708 0.118349 0.282591
1 0.574842 0.545658 0.082574 0.158429
0 0.405493 0.667119 0.054796 0.099108
1 0.197205 0.674849 0.076903 0.173171
1 0.297516 0.620587 0.125023 0.293873
1 0.414200 0.528946 0.060062 0.201125
1 0.365677 0.491002 0.061990 0.183877
0 0.456306 0.910222 0.088469 0.176175
0 0.536386 0.473631 0.030056 0.053959
0 0.303515 0.980240 0.086578 0.038816
1 0.519361 0.685921 0.089178 0.250380
1 0.520202 0.416964 0.032560 0.064927
3 0.483866 0.461304 0.046945 0.099433
1 0.483599 0.462426 0.046843 0.096802
0 0.520073 0.416858 0.033303 0.065168