1 0.123986 0.788327 0.124333 0.242938
1 0.678172 0.825226 0.166480 0.342212
1 0.227381 0.799669 0.152213 0.331198
0 0.387130 0.748213 0.066291 0.132037
1 0.273006 0.636720 0.147871 0.293902
1 0.358939 0.498570 0.066749 0.195670
1 0.404721 0.561988 0.072358 0.232147
0 0.542541 0.499596 0.035566 0.066847
1 0.603473 0.612268 0.096033 0.207742
0 0.549060 0.553445 0.022066 0.069398
1 0.529911 0.789542 0.111883 0.339835
3 0.485001 0.475538 0.046952 0.138217
1 0.519721 0.423591 0.032384 0.068155
0 0.534252 0.871199 0.102563 0.175726