0 0.164716 0.708084 0.154545 0.196279
1 0.441614 0.382178 0.091273 0.157737
1 0.517429 0.099188 0.022971 0.069103
0 0.539794 0.227448 0.031634 0.046975
2 0.904942 0.451697 0.022915 0.044446
0 0.544081 0.138346 0.018855 0.032695
2 0.032232 0.272614 0.024817 0.053740
0 0.472584 0.191869 0.033824 0.047936
0 0.497616 0.162959 0.020492 0.035836
0 0.559411 0.122197 0.017884 0.027472
2 0.885316 0.375604 0.022404 0.046863
2 0.813897 0.330173 0.017813 0.036261
1 0.507643 0.064479 0.025356 0.053063
1 0.472859 0.192271 0.033621 0.047485
0 0.501149 0.144835 0.019663 0.029356