0 0.532574 0.232165 0.034002 0.052313
1 0.519493 0.081429 0.023209 0.077089
1 0.409147 0.429442 0.114294 0.200386
0 0.499908 0.153439 0.022345 0.035921
0 0.544231 0.127293 0.020938 0.034314
1 0.511610 0.045410 0.028492 0.052816
0 0.045377 0.953230 0.090441 0.089378
0 0.463862 0.186115 0.036423 0.053060
2 0.964407 0.435768 0.029629 0.046717
2 0.084920 0.233523 0.021250 0.037614
2 0.876958 0.370492 0.024044 0.045100
2 0.776183 0.256441 0.015305 0.042632
0 0.562274 0.107957 0.017206 0.032614
0 0.499524 0.124324 0.022016 0.029446