1 0.753271 0.631884 0.207782 0.373006
1 0.569392 0.462684 0.067738 0.163960
0 0.374145 0.437974 0.025086 0.034567
0 0.407656 0.372762 0.015746 0.025505
2 0.057849 0.746008 0.024059 0.061148
2 0.027653 0.859495 0.034155 0.089144
2 0.078125 0.774204 0.027948 0.076786
2 0.128386 0.696388 0.027628 0.072576
0 0.400458 0.447455 0.026336 0.048649
0 0.834956 0.409694 0.031509 0.045593
0 0.443093 0.328443 0.012388 0.019747
0 0.753651 0.380510 0.021265 0.034734
0 0.510714 0.344055 0.013881 0.024248
2 0.961170 0.474151 0.015901 0.043906
2 0.254765 0.531565 0.015264 0.041547
2 0.228614 0.575923 0.015324 0.049669
0 0.398098 0.339973 0.014599 0.029194
0 0.776291 0.385213 0.023966 0.031099
2 0.184721 0.631145 0.018187 0.059496
2 0.170765 0.608536 0.015981 0.039506
2 0.007379 0.820620 0.014759 0.071421
2 0.212613 0.569646 0.014427 0.050114