1 0.635658 0.596903 0.128218 0.260586
0 0.162105 0.630397 0.061964 0.086022
0 0.411152 0.380254 0.018071 0.024854
0 0.424828 0.387629 0.016496 0.032206
2 0.031212 0.776539 0.027240 0.070820
2 0.172287 0.571970 0.021825 0.037146
2 0.097321 0.670021 0.020232 0.057422
0 0.407804 0.329388 0.013662 0.024856
1 0.534426 0.388541 0.036119 0.089126
1 0.559597 0.388089 0.023239 0.050376
2 0.208615 0.549095 0.030005 0.057693
0 0.422603 0.349659 0.012880 0.018226
2 0.242090 0.550976 0.014390 0.054140
2 0.280674 0.493041 0.012951 0.044920
2 0.056173 0.717157 0.025006 0.061647