0 0.074131 0.733521 0.088994 0.118281
1 0.758005 0.771556 0.248103 0.445997
1 0.665031 0.492704 0.113527 0.187256
0 0.399884 0.393468 0.018636 0.025963
0 0.419348 0.353039 0.013116 0.021617
0 0.417482 0.402224 0.018744 0.035884
1 0.550852 0.409638 0.034560 0.104766
2 0.157200 0.620203 0.020938 0.064783
2 0.232995 0.563563 0.014140 0.047317
0 0.404907 0.327095 0.014862 0.028362
1 0.572936 0.401828 0.022071 0.055066
2 0.007513 0.748829 0.015027 0.057019
2 0.190184 0.620610 0.019879 0.072702
2 0.084390 0.656966 0.021071 0.044161
2 0.268953 0.523916 0.011858 0.040123
2 0.111722 0.642259 0.025090 0.060309
2 0.241193 0.543074 0.017074 0.039717
1 0.634653 0.674021 0.035651 0.119045
2 0.199117 0.587252 0.025323 0.053930
2 0.289805 0.492713 0.011170 0.040735
0 0.995182 0.860614 0.008980 0.077910