1 0.679373 0.673592 0.175694 0.344745
0 0.123718 0.675051 0.073329 0.099418
0 0.422185 0.395144 0.019925 0.033365
1 0.647506 0.456106 0.100817 0.131448
2 0.040437 0.745450 0.026733 0.066347
0 0.547772 0.422928 0.025566 0.051517
1 0.567316 0.393284 0.023400 0.052778
0 0.421722 0.350758 0.013446 0.018579
2 0.254303 0.539474 0.011787 0.040316
2 0.065871 0.685517 0.021377 0.055479
2 0.190140 0.582600 0.016969 0.056938
0 0.407829 0.386821 0.019187 0.024686
0 0.408056 0.328410 0.015730 0.026291
2 0.141075 0.606680 0.032056 0.041102
1 0.535343 0.393917 0.050143 0.102400
2 0.283893 0.496272 0.017584 0.048184
0 0.779803 0.383775 0.025857 0.033175
2 0.228028 0.561446 0.014194 0.042225