1 0.656766 0.634160 0.154992 0.344362
1 0.891763 0.783050 0.215342 0.412723
0 0.307602 0.568889 0.047649 0.069009
0 0.665483 0.481364 0.033592 0.041201
0 0.392404 0.413894 0.020791 0.032895
2 0.029046 0.875253 0.039366 0.082920
0 0.553106 0.456753 0.025848 0.040611
2 0.080888 0.763498 0.025828 0.063648
0 0.583657 0.449935 0.027165 0.042059
0 0.442155 0.346597 0.013165 0.024208
0 0.362244 0.574964 0.042857 0.089015
2 0.009428 0.773175 0.018855 0.055299
0 0.388812 0.359384 0.016393 0.033818
2 0.113397 0.683979 0.020637 0.053416
2 0.141067 0.708940 0.018882 0.054741
2 0.174802 0.683314 0.020202 0.056572
0 0.755722 0.385755 0.020775 0.032484
2 0.233500 0.570727 0.015654 0.043751
2 0.270100 0.530651 0.012586 0.036130
2 0.045422 0.760100 0.027081 0.076825
0 0.940787 0.459172 0.041490 0.047754
2 0.222642 0.608442 0.014594 0.042851