1 0.806432 0.699398 0.267622 0.464341
1 0.584727 0.491603 0.078500 0.191581
0 0.363928 0.460173 0.027592 0.038064
0 0.395434 0.469585 0.027997 0.055229
2 0.072400 0.772053 0.032967 0.085930
0 0.405199 0.380763 0.017441 0.025480
2 0.015166 0.874368 0.030248 0.103403
2 0.200946 0.631608 0.017816 0.042849
2 0.214181 0.556317 0.015084 0.049756
0 0.397232 0.345305 0.014649 0.025200
2 0.142357 0.693746 0.022920 0.060106
2 0.162504 0.614641 0.020753 0.049278
2 0.233794 0.560784 0.013593 0.049280
1 0.866767 0.420228 0.028582 0.046325
0 0.443352 0.332718 0.011941 0.022178
0 0.539273 0.412578 0.013728 0.026941
0 0.514664 0.351876 0.016295 0.026908