1 0.706782 0.725628 0.216894 0.474930
1 0.927697 0.819777 0.143776 0.345438
0 0.273862 0.636431 0.061260 0.087130
2 0.019843 0.843873 0.036527 0.087496
0 0.561037 0.476237 0.029629 0.043790
0 0.342858 0.636300 0.050654 0.108993
0 0.386356 0.426395 0.021339 0.033216
1 0.966596 0.467272 0.056190 0.067030
0 0.592798 0.466490 0.029172 0.044078
2 0.092739 0.784937 0.025226 0.070187
2 0.059433 0.751583 0.025737 0.057454
2 0.189532 0.662319 0.017181 0.047243
0 0.838823 0.424306 0.029930 0.032340
0 0.441744 0.354435 0.015148 0.027069
2 0.126687 0.752603 0.020904 0.063925
2 0.210185 0.605311 0.017573 0.053599
0 0.648001 0.465631 0.030303 0.037711
2 0.098943 0.683095 0.022405 0.052224
2 0.169050 0.639498 0.015751 0.047184
1 0.386301 0.365046 0.019805 0.035887
2 0.076034 0.679341 0.022824 0.052280
2 0.249397 0.558918 0.013824 0.048068