1 0.126600 0.530771 0.252404 0.857409
1 0.624739 0.246931 0.120408 0.310938
1 0.320749 0.072852 0.075756 0.145703
1 0.867899 0.187496 0.097793 0.150863
0 0.518009 0.275646 0.074558 0.122322
1 0.642275 0.065172 0.112994 0.130344
1 0.909182 0.314410 0.121493 0.196572
1 0.806539 0.625392 0.386509 0.714407
1 0.493771 0.164199 0.047078 0.130329
1 0.720420 0.202804 0.107526 0.156534
1 0.630034 0.498412 0.067188 0.409160
0 0.343097 0.231048 0.082631 0.204607
1 0.099324 0.161786 0.198264 0.218198
1 0.343037 0.231458 0.082493 0.204657
1 0.589933 0.163801 0.082175 0.193619
1 0.731958 0.091453 0.110505 0.181966
0 0.405562 0.033974 0.042437 0.067176