3 0.114292 0.569991 0.227918 0.703214
0 0.231841 0.828220 0.180232 0.336000
1 0.270893 0.146633 0.125575 0.293267
1 0.628053 0.246121 0.119170 0.311023
1 0.771318 0.137581 0.154769 0.273928
0 0.367945 0.283595 0.068604 0.141095
1 0.953552 0.297758 0.092145 0.223978
1 0.642828 0.063270 0.115115 0.126413
0 0.520866 0.277768 0.075318 0.123527
1 0.379165 0.109454 0.056936 0.140732
0 0.018856 0.323381 0.037713 0.110807
1 0.802611 0.625218 0.393961 0.717033
1 0.495892 0.161575 0.048127 0.127757
1 0.198257 0.109624 0.061026 0.171555
1 0.591963 0.167710 0.081652 0.202052
1 0.722809 0.199089 0.110076 0.157774
1 0.633131 0.498916 0.066096 0.408994
0 0.361160 0.028773 0.050400 0.056593