1 0.631174 0.246129 0.121092 0.312052
0 0.337187 0.422107 0.090424 0.194522
0 0.524785 0.276948 0.075275 0.121778
1 0.309052 0.095251 0.094476 0.190501
0 0.097728 0.225446 0.091028 0.124813
0 0.394048 0.181706 0.053771 0.105565
1 0.240411 0.055966 0.048507 0.111932
1 0.190149 0.307104 0.209637 0.398702
1 0.796225 0.168846 0.216871 0.334154
1 0.393621 0.075186 0.048660 0.128891
1 0.650842 0.064030 0.118620 0.128060
1 0.727416 0.199724 0.106976 0.157821
1 0.500370 0.162512 0.049790 0.129190
0 0.030409 0.535811 0.060518 0.161304
0 0.208538 0.051243 0.025158 0.056965
3 0.190348 0.307328 0.209642 0.398232
3 0.500207 0.161927 0.049592 0.129387
1 0.048786 0.467756 0.097252 0.301014
1 0.812705 0.626918 0.373798 0.717271