1 0.265833 0.189553 0.134064 0.277914
1 0.634231 0.249936 0.120766 0.311646
0 0.527288 0.282584 0.075872 0.123454
0 0.376994 0.251195 0.062531 0.123724
1 0.651835 0.066739 0.112799 0.133478
1 0.334786 0.063687 0.075031 0.127373
1 0.807628 0.628485 0.384444 0.712173
0 0.056931 0.189727 0.080924 0.072487
1 0.853665 0.232645 0.251545 0.382764
0 0.405787 0.136845 0.042018 0.087491
0 0.174383 0.153758 0.071151 0.097431
1 0.078598 0.365417 0.157004 0.293830
1 0.274746 0.033610 0.040486 0.067220
3 0.504090 0.077497 0.060473 0.150750
1 0.597805 0.161029 0.076975 0.179232
3 0.406013 0.058422 0.046364 0.114094
0 0.980602 0.312903 0.038199 0.082416
1 0.641482 0.503643 0.069429 0.408445
1 0.501818 0.169248 0.049062 0.129443
1 0.405661 0.057626 0.045259 0.112779
3 0.501773 0.168911 0.048622 0.130627
1 0.730487 0.206242 0.108634 0.154569