1 0.114294 0.535162 0.228215 0.779638
1 0.622911 0.246583 0.124308 0.309497
1 0.862767 0.179605 0.096033 0.145824
0 0.517098 0.275466 0.075722 0.121851
1 0.310703 0.085866 0.082234 0.171395
1 0.641694 0.064134 0.112873 0.128100
1 0.332348 0.269936 0.091012 0.227027
1 0.809466 0.625381 0.380496 0.717529
0 0.212176 0.173795 0.050125 0.081885
1 0.890410 0.291234 0.115823 0.183716
1 0.719690 0.201878 0.108450 0.156984
1 0.629681 0.498184 0.066291 0.410182
1 0.589611 0.158757 0.081966 0.182171
1 0.967705 0.354055 0.063911 0.166498
1 0.493445 0.162902 0.047536 0.128682
1 0.729192 0.085880 0.109125 0.170774
0 0.402610 0.040214 0.045053 0.080348
1 0.940077 0.569555 0.119035 0.241430
3 0.402952 0.040300 0.045697 0.080439