1 0.254238 0.171918 0.153162 0.343837
3 0.097588 0.623766 0.194440 0.694933
1 0.939482 0.271351 0.120502 0.221216
0 0.355031 0.340035 0.077271 0.162977
1 0.627041 0.245254 0.122630 0.313689
1 0.198960 0.111941 0.109721 0.223883
1 0.756695 0.129828 0.150396 0.258625
1 0.643198 0.063497 0.114258 0.126677
0 0.520357 0.277191 0.075398 0.123136
1 0.809943 0.625599 0.379496 0.715103
1 0.375025 0.121233 0.059971 0.147095
0 0.197409 0.949199 0.145732 0.096992
1 0.495405 0.161548 0.048145 0.126383
1 0.632147 0.498480 0.065738 0.409625
1 0.353041 0.034858 0.048467 0.068500
1 0.590931 0.168118 0.080583 0.202027
1 0.721062 0.200771 0.108354 0.158348
0 0.352648 0.034424 0.048306 0.068124
0 0.495555 0.162415 0.048435 0.128152