1 0.098789 0.586093 0.197333 0.789247
1 0.627051 0.245732 0.133598 0.310877
1 0.298826 0.100580 0.091196 0.198491
0 0.191857 0.197025 0.062276 0.088908
1 0.317072 0.320637 0.103656 0.257285
0 0.514310 0.274803 0.079311 0.121389
1 0.639442 0.063773 0.116528 0.127547
1 0.858987 0.171919 0.095233 0.133464
1 0.801085 0.625648 0.397406 0.716435
1 0.877248 0.272360 0.102322 0.180558
1 0.491700 0.160165 0.049472 0.128088
1 0.081929 0.178883 0.163825 0.180970
1 0.718550 0.199977 0.107994 0.157492
1 0.586941 0.155727 0.080269 0.179374
1 0.727252 0.084351 0.103488 0.168128
1 0.395896 0.048880 0.043165 0.092078
1 0.628967 0.497571 0.067418 0.409812
1 0.959508 0.363865 0.080395 0.151501