1 0.203213 0.256332 0.203811 0.468237
0 0.314904 0.531531 0.110380 0.249536
1 0.624006 0.245978 0.126365 0.312324
0 0.520055 0.276768 0.075155 0.121911
1 0.643164 0.064594 0.115301 0.129188
1 0.047182 0.720418 0.093537 0.518001
1 0.366984 0.154792 0.067990 0.164400
1 0.743862 0.114814 0.130315 0.228967
1 0.631861 0.499211 0.064986 0.409790
1 0.916419 0.230726 0.140139 0.199039
1 0.167119 0.149834 0.146975 0.280827
1 0.811870 0.626306 0.376260 0.714636
2 0.073903 0.164105 0.021749 0.048760
1 0.495511 0.162736 0.047898 0.128482
1 0.949651 0.364293 0.099678 0.184035
1 0.721372 0.200660 0.107147 0.154682
1 0.590537 0.156316 0.080790 0.177808
0 0.416851 0.015490 0.041078 0.030980
1 0.345251 0.046552 0.062526 0.092393
1 0.498308 0.076143 0.058704 0.144051