0 0.268141 0.720381 0.081865 0.148519
1 0.740710 0.829856 0.190541 0.329373
0 0.491833 0.514317 0.050223 0.090561
1 0.571874 0.464728 0.067866 0.167936
1 0.385374 0.546734 0.087871 0.216705
0 0.937021 0.905567 0.125515 0.182653
1 0.683457 0.482867 0.091108 0.151672
1 0.512969 0.328894 0.053413 0.136720
1 0.330382 0.923481 0.167799 0.147414
1 0.558822 0.306327 0.059768 0.129844
1 0.390565 0.424482 0.079468 0.170400
0 0.312628 0.553369 0.052854 0.092518
1 0.176434 0.902143 0.161341 0.191870
1 0.473734 0.391906 0.059224 0.193552
3 0.473974 0.393803 0.059230 0.197098
0 0.794304 0.660718 0.088704 0.148423
1 0.334799 0.745164 0.135798 0.256443
0 0.532000 0.444946 0.030659 0.085404
1 0.345137 0.631541 0.062634 0.133000