1 0.740574 0.830662 0.189222 0.328428
0 0.267451 0.721029 0.082218 0.148963
0 0.490575 0.514188 0.048981 0.090352
0 0.953821 0.932475 0.091495 0.129649
1 0.571853 0.465851 0.068273 0.168356
1 0.330195 0.921772 0.168090 0.152043
1 0.513284 0.329011 0.052858 0.134536
1 0.681314 0.482160 0.092849 0.150341
1 0.175536 0.903796 0.161494 0.188251
0 0.311774 0.554795 0.052139 0.096344
1 0.557596 0.306202 0.059889 0.129127
0 0.531249 0.446441 0.030072 0.088651
1 0.387872 0.547361 0.081511 0.221372
1 0.339909 0.740610 0.122992 0.258529
3 0.473208 0.394626 0.060548 0.197142
1 0.472940 0.393978 0.060758 0.196058
1 0.803906 0.677299 0.092355 0.154961
1 0.388936 0.414057 0.081485 0.163345
3 0.631287 0.387083 0.075129 0.073238
0 0.803910 0.677147 0.092839 0.155348
0 0.531243 0.391306 0.027742 0.036677