1 0.742219 0.827377 0.189502 0.338052
0 0.274921 0.707234 0.081412 0.147053
0 0.869321 0.797174 0.156842 0.243809
1 0.577478 0.452635 0.067497 0.166062
0 0.499798 0.508351 0.049055 0.089152
1 0.335474 0.916252 0.174407 0.161872
1 0.692179 0.476548 0.089362 0.140248
1 0.395264 0.539057 0.080844 0.221297
1 0.525290 0.328563 0.047871 0.133031
0 0.788133 0.635081 0.079223 0.134010
1 0.578315 0.330910 0.041160 0.075088
1 0.182889 0.891426 0.161598 0.205712
1 0.398941 0.417658 0.080406 0.179174
1 0.340611 0.731703 0.136832 0.257314
1 0.353526 0.616982 0.063746 0.136060
0 0.746046 0.560862 0.045388 0.038923
1 0.483286 0.388896 0.056688 0.195468
3 0.484325 0.390157 0.056991 0.199201
0 0.321911 0.532427 0.055131 0.113353
0 0.538930 0.421394 0.028092 0.105521
1 0.564604 0.293808 0.050676 0.115886
1 0.977292 0.898891 0.044701 0.192973
3 0.418971 0.344590 0.056210 0.204318