1 0.745190 0.829023 0.186100 0.332713
0 0.279355 0.701983 0.081717 0.147032
0 0.867827 0.803313 0.147974 0.245055
0 0.504242 0.507593 0.048622 0.089205
1 0.697467 0.483126 0.088304 0.148630
1 0.583856 0.453000 0.067143 0.161752
1 0.531217 0.328134 0.047017 0.133054
1 0.570796 0.295926 0.050075 0.116016
1 0.583863 0.334387 0.040959 0.077856
0 0.792715 0.640189 0.079815 0.133403
1 0.489246 0.386961 0.055296 0.193365
1 0.349656 0.921691 0.197068 0.152099
1 0.399172 0.487275 0.088981 0.325592
1 0.326044 0.528088 0.054622 0.112946
1 0.966026 0.886288 0.067274 0.217555
3 0.186057 0.889870 0.162804 0.212117
0 0.325951 0.529588 0.053584 0.112344
1 0.353514 0.727850 0.116526 0.255789
1 0.186035 0.890260 0.162373 0.213235
0 0.544078 0.424301 0.027052 0.101573
1 0.357350 0.616309 0.063530 0.129548
0 0.341260 0.470139 0.047552 0.090363
3 0.423944 0.302847 0.049872 0.125030
1 0.341024 0.471044 0.047669 0.090413