1 0.746135 0.826557 0.193802 0.339073
0 0.275441 0.707834 0.081516 0.148107
0 0.868973 0.795645 0.156525 0.244105
1 0.577640 0.452973 0.067563 0.162581
0 0.499464 0.507107 0.049784 0.088947
1 0.690936 0.474408 0.093224 0.140077
1 0.333620 0.920663 0.165622 0.152453
1 0.524468 0.327161 0.048132 0.131669
0 0.321091 0.539267 0.052197 0.098909
1 0.577713 0.328374 0.040734 0.071805
1 0.354212 0.619981 0.064124 0.132268
3 0.483196 0.389668 0.056890 0.200416
1 0.398990 0.420232 0.079384 0.178172
1 0.184621 0.893811 0.160431 0.205729
1 0.482101 0.389265 0.056894 0.196229
1 0.394047 0.543881 0.086435 0.226942
1 0.788221 0.632039 0.081219 0.128637
0 0.788541 0.631301 0.080479 0.128891
3 0.642046 0.383398 0.073849 0.070003
3 0.184407 0.892779 0.160527 0.204038
1 0.563579 0.287912 0.049093 0.103424
0 0.539041 0.421097 0.028986 0.106339
1 0.339168 0.735970 0.129680 0.254087