0 0.272230 0.714368 0.080456 0.150031
1 0.743506 0.827202 0.193835 0.337600
0 0.494975 0.510765 0.048246 0.089312
1 0.687547 0.474970 0.093714 0.142064
1 0.574198 0.455342 0.066573 0.161140
1 0.332302 0.920190 0.167831 0.154494
0 0.889723 0.827611 0.169078 0.261611
0 0.317718 0.547524 0.054129 0.088862
1 0.181914 0.897600 0.160640 0.199318
0 0.843907 0.483053 0.076519 0.082312
1 0.784620 0.635729 0.081654 0.140376
1 0.337242 0.739330 0.130442 0.254711
1 0.521280 0.332376 0.049640 0.128684
1 0.571817 0.335419 0.044010 0.079968
0 0.897797 0.440533 0.063716 0.044713
3 0.636191 0.384098 0.073353 0.070036
3 0.478592 0.389096 0.055992 0.193662
3 0.467546 0.281819 0.035584 0.042312
1 0.478215 0.388779 0.056593 0.192661
1 0.392740 0.501140 0.084596 0.327141
3 0.412472 0.315161 0.049306 0.103870
1 0.560444 0.285748 0.053295 0.093506