1 0.744935 0.825515 0.191927 0.340523
0 0.275187 0.708248 0.081041 0.148114
0 0.870109 0.793714 0.158084 0.244116
1 0.576919 0.452735 0.066954 0.164948
0 0.499332 0.507774 0.048916 0.089435
1 0.689936 0.473931 0.095061 0.141696
1 0.333563 0.917728 0.168218 0.158261
1 0.523679 0.326377 0.048934 0.134002
0 0.320485 0.542027 0.052104 0.096564
1 0.339433 0.732330 0.134987 0.257545
3 0.483143 0.387840 0.054292 0.197644
1 0.353420 0.620699 0.063378 0.134611
1 0.395452 0.495295 0.085923 0.329313
0 0.538435 0.420242 0.028073 0.104399
0 0.787608 0.632289 0.080178 0.134612
1 0.577120 0.328418 0.041715 0.070562
1 0.184919 0.894352 0.160318 0.204701
1 0.787151 0.632568 0.080773 0.134549
1 0.565286 0.298831 0.053712 0.126366
3 0.641452 0.382516 0.073663 0.071038
3 0.184701 0.894092 0.160663 0.203945