1 0.743715 0.825663 0.188849 0.341512
0 0.275295 0.710448 0.080833 0.148067
0 0.872497 0.797891 0.159534 0.245865
1 0.692116 0.472946 0.089441 0.141647
1 0.576741 0.454349 0.067849 0.166561
0 0.498796 0.509975 0.048589 0.086553
1 0.348206 0.920691 0.199200 0.153696
1 0.395779 0.544865 0.079914 0.230347
1 0.523631 0.327393 0.048003 0.131787
3 0.184342 0.894805 0.160291 0.199082
3 0.482048 0.389059 0.055792 0.194261
0 0.321135 0.545496 0.052440 0.094017
1 0.397501 0.420327 0.079468 0.172561
0 0.787479 0.631611 0.080639 0.133358
1 0.566846 0.301244 0.059220 0.130444
1 0.338859 0.735765 0.130486 0.253079
1 0.363351 0.630241 0.081813 0.150128
0 0.538127 0.423276 0.027808 0.104150
1 0.575307 0.330087 0.043246 0.074258