0 0.482085 0.600061 0.161758 0.189297
0 0.264302 0.946911 0.293167 0.104872
0 0.654967 0.266567 0.057510 0.065674
2 0.037662 0.597819 0.045864 0.095688
2 0.800384 0.670370 0.032634 0.080769
2 0.695980 0.627274 0.036240 0.090766
2 0.231676 0.432527 0.069028 0.075378
0 0.729086 0.201194 0.029832 0.033736
0 0.617453 0.342781 0.079031 0.098403
2 0.433401 0.313030 0.021994 0.045043
2 0.480026 0.366867 0.046434 0.059173
2 0.401265 0.313932 0.020868 0.040151
1 0.617456 0.342499 0.079176 0.098660
0 0.582556 0.264272 0.047447 0.065652
1 0.598246 0.241935 0.046937 0.058583
0 0.598472 0.241910 0.046897 0.057972