0 0.262222 0.703880 0.211776 0.267700
2 0.101348 0.529561 0.074438 0.091461
2 0.335646 0.436048 0.028549 0.064335
2 0.739549 0.431151 0.060344 0.067933
2 0.679063 0.467187 0.057917 0.061267
2 0.719381 0.518012 0.030639 0.065396
2 0.651640 0.405817 0.042805 0.066412
2 0.197183 0.497217 0.055622 0.078892
2 0.609983 0.300662 0.019271 0.033933
2 0.547398 0.338489 0.021900 0.040442
2 0.683270 0.298235 0.017086 0.026723
2 0.460205 0.286457 0.016338 0.036423
2 0.685497 0.820409 0.042359 0.095270
0 0.523870 0.226733 0.033083 0.037767
2 0.051432 0.519164 0.043730 0.099307
2 0.493249 0.211321 0.010600 0.024349
2 0.329325 0.674895 0.029592 0.039250
2 0.144582 0.512012 0.039893 0.080423
2 0.554551 0.219766 0.011985 0.033276
2 0.677205 0.786850 0.063824 0.163218