0 0.373705 0.524995 0.129213 0.168132
2 0.137678 0.625116 0.048280 0.121615
2 0.198933 0.498463 0.051591 0.076833
2 0.488373 0.440730 0.055704 0.066779
2 0.628691 0.422974 0.050415 0.066117
2 0.737467 0.565263 0.028893 0.067131
0 0.558052 0.242407 0.038796 0.045478
2 0.981007 0.464528 0.037489 0.055265
2 0.587810 0.391839 0.025703 0.059315
2 0.614477 0.322568 0.022946 0.046581
2 0.220226 0.621488 0.047178 0.111721
2 0.402360 0.360607 0.020380 0.048590
2 0.508823 0.309235 0.017082 0.035218
2 0.461808 0.269279 0.015271 0.032090
2 0.101582 0.530490 0.073471 0.090749
2 0.053525 0.521095 0.047204 0.095776
2 0.640746 0.299946 0.016117 0.027302
2 0.572089 0.357004 0.030246 0.057278