2 0.289504 0.427032 0.072230 0.065676
2 0.101203 0.530289 0.073326 0.089300
2 0.545710 0.448762 0.084643 0.069409
2 0.817116 0.435386 0.075061 0.062722
2 0.197503 0.497890 0.056720 0.077902
1 0.575831 0.238351 0.037222 0.054569
2 0.173923 0.425094 0.046583 0.051959
0 0.424214 0.202847 0.034467 0.045334
2 0.633507 0.238340 0.016448 0.029193
2 0.477326 0.329524 0.018907 0.035961
2 0.052211 0.519089 0.045527 0.098815
0 0.575633 0.238118 0.036815 0.055027
2 0.980261 0.452034 0.038865 0.050098
2 0.145416 0.513215 0.038755 0.077656