2 0.100919 0.529747 0.073438 0.089807
2 0.199681 0.498383 0.051247 0.077641
2 0.373374 0.431035 0.068679 0.064908
2 0.282323 0.434877 0.064427 0.063343
2 0.654140 0.457413 0.081982 0.068713
2 0.727886 0.424885 0.053120 0.056139
1 0.453143 0.210524 0.045641 0.055281
1 0.536461 0.222124 0.034109 0.042362
2 0.051541 0.519037 0.044280 0.097662
2 0.683689 0.403305 0.025342 0.046457
2 0.215174 0.418009 0.064693 0.050244
2 0.145509 0.515546 0.038532 0.073150
2 0.406593 0.228447 0.015161 0.018771
2 0.987552 0.461626 0.024274 0.060655
0 0.536838 0.221576 0.034596 0.043694
2 0.475953 0.260043 0.017546 0.027609