0 0.661606 0.700391 0.092401 0.169826
1 0.174874 0.696605 0.294422 0.592438
1 0.331452 0.703979 0.202018 0.579828
0 0.628137 0.562892 0.071505 0.141382
1 0.596008 0.464485 0.074049 0.145742
3 0.502243 0.689703 0.159390 0.609386
1 0.434318 0.363997 0.052387 0.106721
1 0.036738 0.926563 0.073020 0.137282
1 0.564516 0.331563 0.040664 0.071676
3 0.499970 0.303279 0.039410 0.126150
1 0.395116 0.349610 0.039325 0.082261
1 0.500284 0.303204 0.039218 0.127216
1 0.471666 0.205675 0.026536 0.058159
1 0.333100 0.411439 0.059828 0.111141
3 0.343385 0.329542 0.054244 0.081816
0 0.455667 0.305475 0.027414 0.034075
1 0.518952 0.382667 0.047586 0.133895
3 0.471815 0.206349 0.026772 0.060996
0 0.417749 0.295826 0.026915 0.040090
1 0.852513 0.882594 0.291044 0.224365