1 0.159346 0.695472 0.298445 0.597067
1 0.317798 0.700725 0.208845 0.587467
1 0.590587 0.462698 0.074017 0.152125
0 0.771014 0.981396 0.099575 0.036093
3 0.506207 0.692952 0.169540 0.605914
0 0.667650 0.709836 0.105223 0.214078
1 0.033371 0.926579 0.066307 0.136779
1 0.305027 0.353646 0.057713 0.094277
1 0.488455 0.290752 0.039425 0.124870
1 0.506117 0.691280 0.169045 0.606511
1 0.422972 0.352006 0.058216 0.101117
1 0.508726 0.374402 0.047898 0.125383
1 0.576482 0.423370 0.060458 0.122457
1 0.115702 0.576216 0.167589 0.281874
0 0.363918 0.301056 0.023427 0.042088
1 0.382246 0.338728 0.041821 0.082565
0 0.443457 0.297558 0.025746 0.038568
0 0.404996 0.282040 0.026847 0.034919
1 0.562823 0.343014 0.055458 0.122299
1 0.319104 0.404397 0.064188 0.117341
3 0.459242 0.193352 0.024206 0.057425
1 0.516497 0.219390 0.030322 0.075815
0 0.368373 0.385085 0.038401 0.052304