1 0.164784 0.698555 0.298016 0.595327
0 0.708698 0.841141 0.126108 0.238390
1 0.328756 0.701367 0.195632 0.584385
3 0.502340 0.687724 0.149098 0.612678
1 0.590466 0.454624 0.074161 0.148852
0 0.641121 0.612393 0.084203 0.163855
1 0.539370 0.284512 0.033149 0.083239
0 0.380618 0.285821 0.024095 0.037619
1 0.036896 0.928798 0.073278 0.134065
1 0.428413 0.353796 0.052873 0.095544
1 0.556890 0.324115 0.042622 0.072508
1 0.387505 0.346479 0.039790 0.084527
1 0.321186 0.407588 0.066724 0.116376
1 0.492162 0.296092 0.040400 0.124950
1 0.122822 0.581447 0.159106 0.270477
1 0.314484 0.338415 0.055939 0.065396
3 0.491878 0.295138 0.039223 0.125528
1 0.429957 0.211561 0.031433 0.053720
0 0.447881 0.301772 0.028093 0.035377
3 0.462915 0.197790 0.023681 0.056073
1 0.570560 0.395149 0.046592 0.126345
1 0.512041 0.381684 0.048432 0.133939
0 0.371806 0.390519 0.037391 0.053144