1 0.175147 0.698422 0.291082 0.594089
0 0.674304 0.733144 0.099945 0.184392
1 0.332134 0.703190 0.200283 0.580817
3 0.504147 0.688633 0.152468 0.610410
1 0.595152 0.458467 0.072449 0.152777
0 0.631824 0.572061 0.074228 0.143003
1 0.434572 0.362953 0.052681 0.109484
1 0.037711 0.928229 0.074835 0.134976
3 0.332262 0.359956 0.058973 0.125266
1 0.392567 0.346623 0.041070 0.078902
1 0.498594 0.300412 0.039696 0.124982
1 0.563154 0.330165 0.043457 0.071821
3 0.469953 0.205881 0.026007 0.060068
1 0.129191 0.581474 0.161893 0.271049
0 0.455387 0.305260 0.028657 0.038995
0 0.397068 0.272065 0.018546 0.036452
1 0.575250 0.395287 0.050098 0.122526