1 0.175565 0.696337 0.292674 0.592199
0 0.666805 0.714925 0.095245 0.177061
1 0.595756 0.458966 0.074143 0.154633
1 0.329490 0.704051 0.204961 0.579277
0 0.629766 0.564735 0.072371 0.141748
3 0.505774 0.689580 0.153501 0.609263
1 0.434682 0.362041 0.053272 0.105998
1 0.869383 0.929430 0.259303 0.134246
1 0.038377 0.928267 0.076258 0.136306
3 0.334007 0.358282 0.063790 0.133482
1 0.499558 0.302188 0.039003 0.126211
3 0.470678 0.207206 0.026181 0.061509
1 0.564162 0.331045 0.043760 0.071324
1 0.394402 0.349155 0.042641 0.082842
1 0.576196 0.357893 0.049745 0.056682
1 0.135547 0.567800 0.155612 0.255136