1 0.160840 0.697386 0.298052 0.596145
1 0.324262 0.700256 0.198571 0.587703
1 0.589938 0.452938 0.076344 0.156819
3 0.496130 0.688865 0.166610 0.609932
0 0.656070 0.668643 0.095026 0.193122
1 0.425870 0.353060 0.054191 0.099996
0 0.756429 0.925122 0.148332 0.148218
1 0.489668 0.293513 0.038879 0.125892
1 0.034863 0.927267 0.069274 0.136459
1 0.383874 0.340813 0.041389 0.082259
0 0.368353 0.296488 0.021885 0.040313
1 0.308158 0.354208 0.057255 0.094946
1 0.509646 0.376226 0.047211 0.123687
1 0.563703 0.340382 0.055220 0.114217
1 0.118758 0.578285 0.161991 0.281129
3 0.460257 0.192684 0.023543 0.056348
1 0.428259 0.207857 0.030360 0.051680
1 0.571160 0.418251 0.049052 0.114753
1 0.405933 0.272325 0.027116 0.059826
1 0.319563 0.404901 0.067089 0.115843