1 0.156214 0.696594 0.300993 0.598180
1 0.321093 0.699437 0.198120 0.589904
1 0.509245 0.692228 0.180440 0.596304
1 0.591575 0.469273 0.080947 0.159355
0 0.682262 0.763088 0.116418 0.241964
1 0.302418 0.353568 0.059187 0.093579
1 0.506672 0.370195 0.049412 0.121231
1 0.486682 0.289131 0.038986 0.122101
0 0.357665 0.308128 0.029055 0.045718
1 0.422256 0.350353 0.055399 0.102486
1 0.560851 0.339435 0.054080 0.118127
1 0.515044 0.213257 0.029313 0.066834
3 0.458390 0.195084 0.025956 0.065788
1 0.413881 0.428118 0.052625 0.093807
0 0.381513 0.336705 0.044924 0.083391
1 0.532043 0.281674 0.037186 0.092359
1 0.031913 0.925897 0.063380 0.137687
0 0.387398 0.242909 0.022961 0.038528
1 0.319950 0.409842 0.063488 0.129441
1 0.381228 0.338633 0.044313 0.080716
1 0.116242 0.577674 0.160888 0.281718
1 0.423777 0.206558 0.029612 0.051676
3 0.423457 0.205015 0.030032 0.048607