1 0.207009 0.668095 0.271357 0.638196
1 0.353782 0.681026 0.208356 0.625384
0 0.643346 0.516527 0.068614 0.137367
1 0.610208 0.417469 0.073446 0.153706
3 0.506655 0.241993 0.036151 0.115997
0 0.644833 0.621536 0.036847 0.160773
1 0.764271 0.725556 0.218633 0.451571
0 0.441488 0.404434 0.054125 0.112725
1 0.060572 0.899875 0.120660 0.191907
1 0.574396 0.287315 0.047233 0.069434
1 0.406471 0.304848 0.043718 0.083178
1 0.531348 0.325717 0.047920 0.091859
3 0.517794 0.450976 0.111443 0.218267
1 0.348330 0.367615 0.062507 0.121108
1 0.448185 0.314058 0.049303 0.097017
0 0.390852 0.251377 0.027706 0.043190
3 0.764235 0.724964 0.218190 0.450627
1 0.554927 0.248175 0.038062 0.083588
0 0.972112 0.815234 0.055083 0.126197
3 0.531124 0.769842 0.159841 0.448060
1 0.588703 0.322757 0.052722 0.076882