1 0.203394 0.671308 0.273539 0.635976
1 0.354664 0.682936 0.202502 0.621325
1 0.609989 0.422222 0.073629 0.149859
0 0.641344 0.518350 0.069285 0.138181
0 0.642882 0.623156 0.036116 0.166942
3 0.504595 0.245199 0.035724 0.114911
3 0.763075 0.717546 0.217573 0.429447
1 0.058968 0.900717 0.117427 0.189256
1 0.574822 0.291368 0.041258 0.071042
1 0.344904 0.356905 0.059527 0.094858
0 0.384839 0.263540 0.029414 0.044999
1 0.405230 0.306118 0.043552 0.080327
1 0.446573 0.317694 0.049781 0.096372
0 0.439634 0.405792 0.052704 0.108892
1 0.522692 0.665631 0.143151 0.650232
3 0.515962 0.455601 0.110497 0.221753
1 0.590312 0.374364 0.050106 0.115143
3 0.529913 0.331476 0.047608 0.097797
1 0.529932 0.331200 0.047719 0.097136
1 0.531780 0.172938 0.022167 0.051708
1 0.437429 0.222126 0.032798 0.066512