1 0.357567 0.676337 0.211070 0.632142
1 0.215071 0.646959 0.263160 0.623358
1 0.768460 0.717319 0.216773 0.456569
1 0.615171 0.401657 0.076590 0.149805
1 0.530610 0.660969 0.151921 0.663929
0 0.646477 0.501804 0.069026 0.133273
0 0.647892 0.610244 0.035722 0.163664
3 0.509809 0.226595 0.035924 0.114282
1 0.350914 0.345857 0.058603 0.117824
1 0.063877 0.894686 0.126771 0.200141
1 0.408472 0.291657 0.040830 0.081597
1 0.557254 0.238944 0.039798 0.092427
1 0.450876 0.306023 0.053841 0.101787
1 0.580500 0.275135 0.040277 0.072529
1 0.534416 0.313256 0.046887 0.092171
0 0.428660 0.232617 0.029391 0.042636
0 0.406865 0.225901 0.022241 0.023854
3 0.474257 0.201278 0.027044 0.061455
1 0.448225 0.158713 0.028132 0.043223
1 0.594375 0.367017 0.044744 0.136218