0 0.637359 0.522194 0.071229 0.139183
1 0.347802 0.684769 0.213639 0.617926
1 0.604871 0.423912 0.074669 0.152606
1 0.154290 0.794620 0.183402 0.398224
0 0.639040 0.628686 0.036067 0.161359
1 0.758611 0.732443 0.218164 0.449452
3 0.526550 0.668077 0.161264 0.647459
1 0.339836 0.368275 0.058725 0.108800
0 0.435867 0.410414 0.054241 0.115523
3 0.500087 0.249306 0.036258 0.116707
1 0.586878 0.379484 0.051865 0.141625
1 0.418601 0.245307 0.028833 0.061066
1 0.056365 0.904336 0.111883 0.180614
1 0.196488 0.674895 0.276438 0.633784
1 0.400039 0.311056 0.042004 0.084695
1 0.431904 0.221852 0.033528 0.069817
3 0.758471 0.732464 0.217659 0.450143
1 0.463009 0.236378 0.030269 0.091358
1 0.500144 0.249444 0.036253 0.118051
0 0.362562 0.295686 0.034796 0.056355
1 0.573310 0.302254 0.047204 0.085906
1 0.442743 0.319904 0.050552 0.092262
1 0.524910 0.333350 0.047372 0.092351
1 0.438567 0.178220 0.028352 0.050595