1 0.361346 0.670083 0.216791 0.634271
0 0.651285 0.498433 0.070536 0.136622
1 0.617869 0.397595 0.074602 0.145073
1 0.220500 0.640027 0.259845 0.615767
0 0.652543 0.605662 0.037234 0.159644
1 0.773270 0.706718 0.218794 0.445254
1 0.354582 0.348292 0.058634 0.110300
1 0.530955 0.659768 0.142230 0.654766
3 0.513272 0.221216 0.035863 0.112763
1 0.452177 0.305743 0.055435 0.108572
0 0.432594 0.231955 0.028718 0.040939
1 0.066806 0.890227 0.132666 0.204760
1 0.413407 0.288681 0.043169 0.082942
1 0.177675 0.752441 0.172503 0.389114
1 0.538346 0.310256 0.047075 0.088316
1 0.513136 0.221770 0.036203 0.113167
1 0.585009 0.279632 0.043339 0.087611
0 0.446400 0.197493 0.032191 0.068071
0 0.449825 0.390013 0.055024 0.117589
0 0.471425 0.245781 0.029833 0.038160
1 0.564365 0.233478 0.034319 0.087543
1 0.601528 0.348532 0.053378 0.115410