1 0.217541 0.642423 0.261600 0.619857
1 0.359457 0.675231 0.214156 0.634408
0 0.646670 0.498739 0.067292 0.135179
0 0.650244 0.606854 0.037994 0.161845
1 0.615743 0.400085 0.077740 0.151250
1 0.525195 0.658211 0.139962 0.664990
0 0.430355 0.232323 0.028091 0.040035
1 0.350238 0.346120 0.058099 0.111451
3 0.510181 0.222990 0.037089 0.113438
1 0.775236 0.711770 0.228211 0.451234
1 0.510343 0.223426 0.036898 0.112553
1 0.450603 0.303415 0.053909 0.103239
0 0.409486 0.290487 0.042209 0.085069
1 0.064877 0.890689 0.128447 0.201352
1 0.409003 0.290028 0.043166 0.085854
3 0.525893 0.658428 0.138816 0.666303
1 0.588319 0.285862 0.056549 0.098485
0 0.443396 0.199783 0.033438 0.070940
0 0.411377 0.212176 0.018362 0.032785
1 0.535939 0.314241 0.047916 0.093600
1 0.536752 0.152610 0.022155 0.049363
1 0.474613 0.192665 0.027402 0.063599