1 0.349327 0.510892 0.071345 0.213362
0 0.346244 0.924128 0.097870 0.147473
1 0.394079 0.608048 0.090668 0.286379
1 0.205437 0.753446 0.250282 0.480505
0 0.553363 0.528302 0.044354 0.077914
1 0.641814 0.708353 0.133337 0.295565
0 0.567786 0.602609 0.035735 0.087836
1 0.485464 0.521198 0.056002 0.132909
1 0.768852 0.913397 0.188644 0.167939
1 0.521640 0.428262 0.035731 0.076157
1 0.424487 0.453410 0.048651 0.143115
1 0.386640 0.412801 0.044150 0.104399
1 0.301766 0.483463 0.032139 0.073706
1 0.541448 0.847689 0.130050 0.294342
1 0.506431 0.385437 0.025148 0.051884
1 0.414972 0.362783 0.029829 0.052131
0 0.548787 0.977662 0.105143 0.043579