1 0.381291 0.679626 0.096152 0.260925
1 0.344542 0.515238 0.077333 0.229198
0 0.574187 0.634035 0.034895 0.101532
0 0.561538 0.539795 0.045525 0.083705
1 0.661843 0.745798 0.152622 0.332125
1 0.499244 0.723771 0.076504 0.226572
1 0.168193 0.757848 0.307071 0.469676
1 0.294435 0.487582 0.032385 0.079918
0 0.037042 0.906888 0.073727 0.181986
1 0.422277 0.455032 0.050849 0.153622
1 0.524815 0.428160 0.037876 0.077228
1 0.392570 0.561784 0.079009 0.173390
1 0.385776 0.416148 0.045300 0.123094
3 0.524805 0.427678 0.038448 0.079063
3 0.486561 0.521785 0.060932 0.180186
0 0.507626 0.377093 0.025868 0.048894
3 0.415381 0.356218 0.031927 0.055096
1 0.486213 0.526882 0.061179 0.168660
1 0.416197 0.355362 0.033405 0.054888