1 0.685623 0.843769 0.169002 0.306748
1 0.612180 0.633321 0.103358 0.224310
1 0.356939 0.501529 0.066906 0.199475
0 0.380277 0.783127 0.071999 0.147325
1 0.402770 0.571111 0.074384 0.240681
1 0.216759 0.821868 0.163688 0.343538
0 0.551987 0.563964 0.024550 0.075396
0 0.544409 0.504572 0.037552 0.065509
1 0.094128 0.834282 0.143950 0.272234
1 0.527749 0.760090 0.108968 0.252805
1 0.266205 0.653412 0.156469 0.311356
0 0.541488 0.908073 0.104221 0.177907
1 0.519529 0.423915 0.033283 0.067050
3 0.486189 0.485386 0.050150 0.135881
3 0.520139 0.424053 0.033754 0.067846
1 0.493253 0.640396 0.056664 0.182371
1 0.312782 0.470739 0.028211 0.055992