1 0.347420 0.512267 0.073836 0.221119
0 0.557412 0.529016 0.043991 0.074768
1 0.387470 0.622180 0.092587 0.303429
0 0.571695 0.618587 0.037465 0.094151
1 0.423547 0.452183 0.050267 0.145071
0 0.338207 0.961626 0.091238 0.074333
1 0.150415 0.860067 0.169792 0.273214
1 0.298306 0.484109 0.031057 0.076328
0 0.073434 0.875778 0.051355 0.181801
1 0.495987 0.714014 0.071472 0.235976
1 0.652488 0.726939 0.144651 0.311446
1 0.226554 0.742431 0.200235 0.452688
1 0.485882 0.512985 0.058498 0.171796
1 0.386724 0.413521 0.044699 0.113251
3 0.485920 0.514904 0.058851 0.166921
3 0.523954 0.427154 0.036528 0.078212
1 0.524002 0.427671 0.036598 0.076810
3 0.477829 0.393602 0.031150 0.071862
1 0.415650 0.357915 0.031991 0.054950