1 0.647535 0.774870 0.140792 0.354493
1 0.410266 0.543411 0.066550 0.219024
1 0.165961 0.722652 0.092308 0.200798
0 0.452986 0.955182 0.088724 0.087396
1 0.365029 0.494967 0.067706 0.188062
1 0.523334 0.733830 0.097744 0.290435
0 0.399211 0.699224 0.060468 0.112924
1 0.589491 0.579221 0.084030 0.182932
0 0.539251 0.487419 0.033124 0.059295
1 0.244631 0.764452 0.140115 0.304344
1 0.286476 0.613968 0.135980 0.257936
3 0.485607 0.476399 0.043402 0.104190
0 0.543334 0.535247 0.019072 0.068033
1 0.519546 0.423367 0.032219 0.067390
1 0.321110 0.466192 0.026924 0.047037
1 0.493417 0.575309 0.049254 0.104984