1 0.354134 0.506108 0.069145 0.208885
0 0.370945 0.828295 0.079518 0.164051
1 0.620226 0.655728 0.112479 0.247300
1 0.072100 0.869023 0.144199 0.254361
1 0.697760 0.864622 0.171464 0.264617
0 0.546711 0.513530 0.041646 0.072013
1 0.200499 0.830609 0.159043 0.330673
0 0.556049 0.576591 0.026737 0.079036
1 0.397819 0.609452 0.075334 0.203820
3 0.486092 0.502917 0.050743 0.123520
1 0.533777 0.821593 0.118317 0.331276
1 0.520232 0.425477 0.033057 0.070954
1 0.257214 0.684873 0.165258 0.364311
0 0.544199 0.927205 0.115737 0.140372
1 0.309226 0.474419 0.029210 0.060802
1 0.405273 0.530577 0.066803 0.151071
1 0.493731 0.660684 0.059939 0.198305
3 0.520396 0.425352 0.033359 0.072281
1 0.429350 0.424293 0.038339 0.084242