1 0.663872 0.810328 0.157159 0.369191
1 0.146573 0.753284 0.107267 0.217940
1 0.525480 0.759525 0.102531 0.311768
0 0.393710 0.720370 0.063010 0.120585
1 0.231910 0.783885 0.133841 0.322131
1 0.595774 0.593594 0.091792 0.191945
1 0.407359 0.553554 0.067419 0.222048
1 0.361761 0.497887 0.065090 0.191977
1 0.280655 0.653880 0.141252 0.330428
0 0.540703 0.493413 0.034103 0.061584
1 0.519906 0.423510 0.032668 0.067427
1 0.493038 0.587531 0.052011 0.113409
3 0.485408 0.469407 0.045438 0.132927
0 0.545425 0.546219 0.016917 0.067118
0 0.445260 0.985794 0.072215 0.028271
1 0.503244 0.384490 0.024596 0.048742
3 0.430672 0.455408 0.043645 0.134452
1 0.319373 0.467971 0.027875 0.050897