1 0.867786 0.760976 0.263577 0.457330
1 0.624137 0.575379 0.117732 0.272325
0 0.686163 0.503786 0.038928 0.046492
0 0.331946 0.524458 0.038800 0.054063
2 0.107137 0.768463 0.028479 0.062328
0 0.546390 0.440982 0.023092 0.036978
0 0.397193 0.402892 0.019389 0.029286
2 0.180100 0.651996 0.017278 0.046946
2 0.020244 0.754761 0.029510 0.069513
0 0.915134 0.452191 0.035186 0.043933
2 0.053412 0.752739 0.027135 0.070076
2 0.155310 0.636115 0.016739 0.048374
2 0.127777 0.698274 0.020535 0.054156
2 0.013134 0.868822 0.026247 0.090264
1 0.376492 0.531472 0.037165 0.074929
2 0.212634 0.628284 0.018196 0.048276
0 0.392780 0.355679 0.016699 0.032014
1 0.974319 0.887117 0.050579 0.219333
0 0.376674 0.531458 0.036943 0.074716
0 0.442466 0.343438 0.013077 0.024116
1 0.392893 0.354568 0.018425 0.034266
1 0.519454 0.371702 0.017115 0.037926
2 0.215757 0.523221 0.011696 0.042893
0 0.576084 0.434544 0.024954 0.035102
0 0.805102 0.403990 0.024541 0.033571