1 0.783274 0.762396 0.311140 0.462239
0 0.221177 0.739761 0.085979 0.124809
0 0.379685 0.442597 0.023519 0.036167
0 0.604301 0.484823 0.032364 0.049187
0 0.633907 0.451597 0.028829 0.034560
0 0.572284 0.500346 0.035071 0.051349
0 0.441650 0.358353 0.015854 0.026711
0 0.314466 0.722759 0.065806 0.143588
2 0.025335 0.885597 0.039457 0.096471
2 0.179511 0.653657 0.018377 0.055727
0 0.639245 0.532292 0.035579 0.046582
1 0.987156 0.475953 0.024831 0.066932
2 0.054458 0.741013 0.025043 0.061726
2 0.064307 0.844377 0.021775 0.072932
0 0.780783 0.399561 0.025937 0.036225
2 0.020465 0.746891 0.027474 0.060068
2 0.090063 0.760234 0.026057 0.059095
2 0.145217 0.729004 0.020034 0.051349
1 0.383552 0.371785 0.021353 0.039999
2 0.136687 0.690907 0.027539 0.054306
0 0.527149 0.399364 0.025791 0.037207
0 0.867514 0.439270 0.020916 0.020586
2 0.226043 0.607259 0.016089 0.035023
2 0.204615 0.565696 0.016603 0.047672
2 0.277545 0.544761 0.012244 0.033949