1 0.850044 0.744627 0.299527 0.497443
1 0.602601 0.529541 0.094885 0.221894
0 0.350569 0.488503 0.033357 0.045078
0 0.542089 0.425812 0.020930 0.033869
2 0.085531 0.771320 0.032466 0.072904
0 0.388677 0.497723 0.030770 0.065231
2 0.162253 0.688547 0.021248 0.051719
0 0.401350 0.392583 0.017011 0.028525
2 0.188886 0.591936 0.016665 0.048111
0 0.443553 0.337994 0.012736 0.022559
2 0.006572 0.856044 0.013144 0.106131
2 0.133107 0.658583 0.018473 0.052774
0 0.735173 0.375658 0.017998 0.029559
1 0.875708 0.427928 0.043175 0.061508
2 0.304177 0.481182 0.008797 0.033489
0 0.395852 0.353556 0.015293 0.025484
2 0.080864 0.687213 0.018392 0.058260
2 0.273184 0.531890 0.013838 0.041510
2 0.208564 0.608919 0.012712 0.037118
2 0.228273 0.561773 0.012724 0.050821