1 0.716839 0.581516 0.167924 0.310243
0 0.844734 0.660664 0.082292 0.083270
1 0.560508 0.440548 0.054806 0.139948
0 0.383215 0.419763 0.021169 0.033081
1 0.858234 0.900284 0.282575 0.185846
2 0.100530 0.756527 0.025693 0.073758
2 0.219337 0.588371 0.016243 0.048626
2 0.132164 0.698950 0.020370 0.060894
0 0.407074 0.428186 0.023023 0.044674
2 0.009697 0.768903 0.019353 0.071093
2 0.253179 0.548606 0.012658 0.038947
0 0.443076 0.324328 0.011073 0.020698
1 0.586632 0.423478 0.020864 0.068553
0 0.410765 0.365018 0.015520 0.023571
2 0.066841 0.745748 0.018207 0.060999
2 0.173722 0.639901 0.024378 0.064322
0 0.510322 0.337370 0.014694 0.022617
0 0.399262 0.335448 0.015703 0.027025
2 0.054963 0.737449 0.034265 0.066165
2 0.114319 0.666239 0.023795 0.059555