1 0.688915 0.544265 0.138856 0.268069
0 0.933586 0.749688 0.110963 0.104349
0 0.030576 0.812646 0.060839 0.143519
0 0.393104 0.406879 0.022364 0.030208
0 0.412610 0.416444 0.020602 0.040301
2 0.066177 0.698065 0.026587 0.074532
1 0.908183 0.909020 0.182718 0.175584
1 0.554770 0.423707 0.043120 0.120779
0 0.414920 0.360303 0.014053 0.021763
2 0.151815 0.679489 0.023163 0.070049
2 0.206422 0.608899 0.016726 0.036258
0 0.402193 0.332009 0.013446 0.030465
0 0.803290 0.393655 0.026694 0.039093
2 0.245649 0.553348 0.013220 0.047274
2 0.116826 0.683243 0.017782 0.050859
1 0.579787 0.412629 0.021348 0.059648
1 0.813130 0.815654 0.234445 0.354279
2 0.172190 0.636013 0.017389 0.059226
2 0.015153 0.725136 0.029869 0.063396
0 0.509852 0.329268 0.012389 0.019170
2 0.184438 0.554496 0.012521 0.046500