1 0.633566 0.245364 0.121487 0.313155
0 0.367147 0.290236 0.070969 0.139681
1 0.328173 0.072797 0.083241 0.145593
0 0.527480 0.277291 0.076235 0.122401
1 0.246300 0.218315 0.151456 0.309428
0 0.153417 0.169047 0.074690 0.109840
1 0.836089 0.208184 0.235913 0.366093
0 0.403258 0.144004 0.045910 0.091405
1 0.089834 0.386988 0.179145 0.382076
0 0.025520 0.219389 0.051041 0.084419
0 0.951234 0.268636 0.026157 0.070517
1 0.400881 0.058668 0.046527 0.114181
1 0.810501 0.626549 0.378812 0.715445
1 0.652140 0.064876 0.113232 0.129753
1 0.265314 0.036369 0.045002 0.072738
1 0.502200 0.163565 0.048850 0.129702
1 0.640514 0.499029 0.068144 0.409391
0 0.227285 0.034650 0.031164 0.055384
3 0.504899 0.073370 0.062280 0.144025
1 0.730654 0.204173 0.108666 0.162400
2 0.025656 0.220401 0.050559 0.082989
1 0.597982 0.156552 0.078664 0.180364