1 0.318026 0.083182 0.086345 0.166339
0 0.525638 0.278315 0.075718 0.122330
0 0.353612 0.349195 0.079430 0.162530
0 0.398900 0.160666 0.049071 0.099059
1 0.633583 0.245924 0.119908 0.312287
0 0.127837 0.195164 0.082368 0.116181
1 0.071506 0.432557 0.142963 0.418625
1 0.253530 0.046546 0.047695 0.092692
1 0.221369 0.259490 0.175434 0.347575
1 0.816856 0.189530 0.223256 0.347811
1 0.649756 0.064206 0.119134 0.128411
1 0.398130 0.065798 0.046770 0.115555
1 0.728720 0.203857 0.108902 0.161722
3 0.501222 0.163511 0.049347 0.129625
0 0.218779 0.042641 0.028014 0.057871
1 0.595893 0.157741 0.078090 0.180969
1 0.026817 0.516991 0.053634 0.245727
3 0.503547 0.077921 0.057839 0.137271
0 0.921334 0.238328 0.013430 0.060958
1 0.638211 0.501089 0.065086 0.409052