1 0.622371 0.244650 0.124177 0.310027
1 0.055676 0.659449 0.110926 0.640524
1 0.269623 0.148158 0.113858 0.240025
0 0.156035 0.248963 0.077424 0.104230
1 0.273361 0.483999 0.142928 0.369690
1 0.640228 0.063905 0.114117 0.127810
1 0.801587 0.625138 0.396510 0.719746
0 0.516577 0.273303 0.075945 0.119692
1 0.723515 0.074388 0.096457 0.147780
1 0.492052 0.158889 0.048221 0.126875
1 0.719546 0.199875 0.108615 0.158760
1 0.587711 0.153613 0.079280 0.176518
1 0.387295 0.069412 0.058123 0.125212
2 0.147017 0.086916 0.017262 0.041405
1 0.846655 0.209192 0.117908 0.212420
1 0.968829 0.362986 0.061630 0.185331
1 0.628834 0.496015 0.067028 0.411067
0 0.354693 0.022160 0.036120 0.043575