1 0.623870 0.244665 0.127761 0.310108
1 0.284955 0.119036 0.102408 0.230609
1 0.079414 0.614003 0.158495 0.716672
1 0.299171 0.389459 0.119538 0.302610
0 0.173843 0.223118 0.070564 0.095062
0 0.514918 0.275145 0.078233 0.121752
1 0.639660 0.064005 0.115942 0.128010
1 0.803129 0.626446 0.393290 0.717492
1 0.718029 0.200172 0.107793 0.156939
1 0.491761 0.159679 0.048895 0.127175
1 0.859065 0.256503 0.099552 0.170012
1 0.586978 0.155315 0.079314 0.178954
1 0.858526 0.164683 0.095929 0.119028
1 0.725936 0.081104 0.098630 0.160774
1 0.948978 0.321083 0.096865 0.176679
1 0.392247 0.057461 0.054271 0.112021
1 0.628311 0.497428 0.066701 0.410128
2 0.170490 0.062166 0.014784 0.043183