1 0.629144 0.245805 0.120992 0.310875
0 0.062029 0.259401 0.104171 0.135525
0 0.314382 0.520577 0.109468 0.239045
0 0.523542 0.276147 0.074065 0.120291
0 0.385788 0.207273 0.057554 0.110671
1 0.789263 0.158406 0.192567 0.310946
1 0.811442 0.625052 0.376456 0.717432
1 0.227923 0.072603 0.050119 0.142060
1 0.298306 0.108999 0.099100 0.217430
1 0.387395 0.085102 0.051879 0.130146
1 0.151204 0.370819 0.251210 0.465811
3 0.151334 0.370842 0.250802 0.466011
1 0.647844 0.063590 0.113341 0.127024
1 0.725296 0.203580 0.106654 0.168565
1 0.592670 0.160068 0.080206 0.189948
1 0.498001 0.161492 0.049231 0.128005