1 0.231765 0.207143 0.175610 0.398112
1 0.621764 0.236587 0.131279 0.330813
0 0.338558 0.416860 0.089932 0.195633
1 0.750047 0.121239 0.137932 0.241491
1 0.075659 0.672101 0.150957 0.633255
1 0.643953 0.064612 0.116179 0.129114
1 0.371414 0.137029 0.064739 0.156303
0 0.520352 0.276585 0.073902 0.122729
1 0.186037 0.127200 0.129216 0.250964
1 0.811265 0.626794 0.377224 0.715994
1 0.495514 0.162442 0.048107 0.127234
1 0.350314 0.040161 0.055624 0.080321
1 0.632202 0.499086 0.065412 0.409257
1 0.930183 0.250100 0.139564 0.213585
1 0.946777 0.374365 0.105627 0.164548
1 0.721321 0.200821 0.107161 0.155368
2 0.104572 0.134034 0.019374 0.041336
1 0.158643 0.154523 0.075092 0.195068
1 0.592214 0.155985 0.081478 0.178677
1 0.498049 0.074980 0.058844 0.144475