1 0.164848 0.324656 0.251398 0.554736
0 0.276956 0.705750 0.142419 0.341826
1 0.624402 0.247981 0.123521 0.311637
1 0.641880 0.064813 0.115840 0.129627
1 0.338013 0.053461 0.063765 0.106921
0 0.518219 0.276232 0.076109 0.123297
1 0.362527 0.176476 0.076542 0.175844
1 0.941854 0.354847 0.115592 0.201544
0 0.413395 0.021096 0.039016 0.042191
1 0.145921 0.131209 0.166930 0.222209
2 0.035696 0.206668 0.023831 0.050946
1 0.721152 0.200928 0.108416 0.154022
1 0.802201 0.627815 0.394574 0.715182
1 0.739745 0.106870 0.120002 0.212719
1 0.893202 0.215882 0.118029 0.186890
1 0.631698 0.499843 0.067244 0.409906
1 0.590106 0.169318 0.080972 0.204765
1 0.497999 0.115165 0.057508 0.225371