0 0.281272 0.663792 0.136891 0.315036
3 0.127718 0.451341 0.255435 0.558902
1 0.628294 0.246026 0.122503 0.312202
0 0.039691 0.298054 0.079202 0.141562
0 0.378044 0.239904 0.062505 0.126223
1 0.213128 0.093448 0.052274 0.165452
1 0.812392 0.624636 0.374169 0.718556
1 0.785541 0.148764 0.180019 0.296729
0 0.522348 0.276687 0.076005 0.121065
1 0.972804 0.320496 0.053782 0.199597
1 0.285142 0.126794 0.110855 0.253266
1 0.646097 0.064102 0.112150 0.127713
1 0.383306 0.096038 0.056088 0.132267
1 0.634937 0.498582 0.066970 0.409271
1 0.723864 0.199397 0.106612 0.159693
1 0.591580 0.157362 0.080629 0.185400
0 0.383545 0.095659 0.055209 0.132014