1 0.136961 0.410331 0.272969 0.677628
0 0.224524 0.863083 0.182303 0.266445
1 0.624104 0.247822 0.123861 0.309224
1 0.641549 0.065439 0.114738 0.130878
0 0.518473 0.276726 0.074719 0.122341
1 0.330251 0.062966 0.073108 0.125353
1 0.875511 0.190680 0.100131 0.146936
1 0.920393 0.335135 0.134973 0.221119
1 0.353534 0.200218 0.077302 0.189094
0 0.411119 0.027103 0.043312 0.054145
1 0.721411 0.202621 0.107199 0.155376
1 0.740731 0.093146 0.104003 0.183990
1 0.126604 0.134205 0.183099 0.198423
1 0.630625 0.499809 0.066120 0.409298
1 0.589733 0.158174 0.081043 0.182154
1 0.494682 0.163169 0.048848 0.128614
1 0.804286 0.626577 0.391428 0.713868