1 0.744075 0.825723 0.191977 0.341454
0 0.877546 0.806977 0.163907 0.252365
0 0.274330 0.713354 0.081465 0.149830
1 0.575484 0.455563 0.067730 0.165754
1 0.690438 0.473409 0.088734 0.141527
0 0.496967 0.509847 0.048788 0.088829
1 0.333091 0.922693 0.167306 0.149220
0 0.909068 0.532189 0.102192 0.097521
1 0.338433 0.736892 0.132863 0.256932
1 0.565394 0.303385 0.060318 0.131910
0 0.786986 0.632313 0.081892 0.135876
1 0.521190 0.328937 0.051416 0.134591
0 0.319054 0.548264 0.052051 0.092164
3 0.479909 0.389948 0.057524 0.194764
3 0.182353 0.896426 0.162212 0.199723
0 0.904075 0.443766 0.054614 0.052648
1 0.393512 0.543019 0.081397 0.222475
0 0.536285 0.422133 0.028703 0.105314
1 0.395793 0.418393 0.079548 0.167944
1 0.352555 0.620683 0.063055 0.131696
1 0.479648 0.390293 0.058360 0.194075
3 0.638547 0.383494 0.073994 0.069621