0 0.270597 0.716782 0.080903 0.149464
1 0.741511 0.829228 0.190400 0.335633
0 0.904771 0.857668 0.177417 0.273578
0 0.493883 0.512659 0.049377 0.087593
1 0.685612 0.477383 0.094619 0.140856
1 0.573208 0.458049 0.066921 0.162127
1 0.389785 0.548290 0.082657 0.224356
1 0.562440 0.307379 0.059641 0.134990
1 0.332012 0.923721 0.166663 0.147543
1 0.516578 0.328940 0.055558 0.134917
1 0.476691 0.393565 0.057651 0.197804
1 0.392625 0.427039 0.080900 0.176392
0 0.316629 0.548273 0.054339 0.097084
1 0.783125 0.638790 0.081603 0.142048
1 0.180630 0.899486 0.160630 0.197422
0 0.534185 0.440745 0.028630 0.081349
0 0.740730 0.562348 0.048067 0.040255
1 0.348827 0.625708 0.062677 0.134113
3 0.476946 0.393465 0.058586 0.200635
3 0.634122 0.385823 0.073059 0.070205
3 0.411263 0.322547 0.049873 0.130144
1 0.336715 0.712830 0.132845 0.202946
3 0.465777 0.282734 0.037218 0.042754