1 0.739987 0.830633 0.188981 0.329403
0 0.268709 0.720169 0.082181 0.147984
0 0.492131 0.514447 0.049331 0.089887
1 0.683532 0.483304 0.093552 0.150636
1 0.514852 0.330768 0.052545 0.139441
1 0.328957 0.922769 0.167306 0.148551
1 0.571954 0.462776 0.067563 0.166532
1 0.560322 0.309149 0.059737 0.133873
0 0.924872 0.886467 0.149762 0.219180
0 0.313665 0.551112 0.052492 0.093480
1 0.474632 0.394117 0.058985 0.193600
1 0.177658 0.901481 0.161011 0.192979
1 0.388243 0.551967 0.083877 0.231963
1 0.924768 0.886623 0.149603 0.221738
1 0.788194 0.648720 0.082427 0.142524
1 0.391075 0.420224 0.078430 0.161255
0 0.532424 0.446009 0.030050 0.090691
3 0.474728 0.394836 0.059093 0.197995
1 0.345532 0.631543 0.064297 0.132811
1 0.334118 0.739270 0.133680 0.255085