0 0.269828 0.716754 0.082285 0.147394
1 0.742602 0.829265 0.195545 0.331269
0 0.493224 0.513405 0.049037 0.089065
1 0.390005 0.507703 0.083496 0.335942
1 0.684883 0.481540 0.094952 0.148807
1 0.329867 0.922358 0.164933 0.150009
1 0.515023 0.330636 0.051794 0.139047
1 0.572393 0.461176 0.067589 0.164647
0 0.314610 0.547370 0.052038 0.094391
0 0.915609 0.871919 0.167778 0.248738
1 0.476552 0.394982 0.058712 0.193891
1 0.785184 0.642943 0.082133 0.142549
0 0.532637 0.442950 0.029285 0.088493
1 0.561955 0.307584 0.060226 0.135343
3 0.476701 0.395294 0.058909 0.194758
1 0.335370 0.740130 0.136288 0.261944
3 0.464833 0.284584 0.035922 0.046177
1 0.347201 0.626160 0.064535 0.134440
1 0.179179 0.899926 0.160313 0.195816
1 0.571158 0.338174 0.041402 0.078461
3 0.179103 0.898355 0.159762 0.193360
3 0.409351 0.320207 0.048853 0.109796
3 0.634172 0.386558 0.072640 0.069706