0 0.576074 0.410366 0.098988 0.109886
0 0.477369 0.592189 0.161381 0.201863
2 0.740444 0.913332 0.057306 0.122437
2 0.712642 0.474149 0.030445 0.066112
0 0.728828 0.191725 0.026830 0.031827
2 0.231072 0.434822 0.069455 0.074477
2 0.825462 0.622248 0.048469 0.090290
0 0.582691 0.263231 0.046638 0.064614
0 0.599393 0.238467 0.044567 0.051102
0 0.655500 0.269107 0.053199 0.062387
0 0.672606 0.230922 0.045276 0.053934
2 0.540336 0.356178 0.023607 0.065772
2 0.433853 0.312580 0.021999 0.044987
2 0.400743 0.313347 0.019620 0.040918
0 0.683346 0.195984 0.031177 0.036311