0 0.611274 0.455766 0.104892 0.113540
0 0.218954 0.411313 0.166831 0.086120
2 0.506597 0.518123 0.109112 0.084220
0 0.014911 0.399798 0.029698 0.083383
0 0.583939 0.262101 0.047893 0.065873
0 0.460028 0.790074 0.230696 0.289951
2 0.242977 0.456979 0.061939 0.051362
0 0.733553 0.299598 0.054840 0.082386
1 0.459932 0.789930 0.230680 0.290113
2 0.462418 0.290914 0.019841 0.041208
1 0.606802 0.235122 0.047189 0.058591
2 0.371922 0.435238 0.054208 0.077561
2 0.485864 0.274501 0.016585 0.032339
2 0.244009 0.506921 0.058418 0.079695
0 0.698614 0.159479 0.019504 0.023378