0 0.394967 0.794135 0.236552 0.270126
0 0.566055 0.429544 0.116918 0.138322
2 0.112614 0.460947 0.070783 0.060040
2 0.837188 0.877741 0.043918 0.113869
0 0.610454 0.331507 0.077720 0.072700
0 0.728168 0.227893 0.036611 0.042941
2 0.328175 0.396986 0.057567 0.058994
2 0.433665 0.312956 0.022631 0.046165
0 0.582333 0.263842 0.050256 0.067047
2 0.220208 0.443867 0.074694 0.090210
2 0.401166 0.313965 0.020439 0.040823
0 0.668679 0.234414 0.046469 0.050869
0 0.598775 0.236633 0.045903 0.047177
1 0.641998 0.268691 0.056325 0.075484
1 0.669076 0.234644 0.046052 0.050987
0 0.641950 0.268656 0.056142 0.075690
1 0.598109 0.236489 0.047931 0.046855