0 0.546892 0.478843 0.123201 0.154737
0 0.618410 0.330403 0.081456 0.099652
0 0.727220 0.212667 0.033696 0.040172
2 0.803502 0.772899 0.040082 0.108225
2 0.165311 0.502585 0.036634 0.077507
0 0.266147 0.966995 0.284092 0.064864
2 0.630736 0.956766 0.051522 0.085156
2 0.231127 0.431881 0.070072 0.074497
2 0.405383 0.387290 0.036083 0.061098
2 0.434075 0.313035 0.022758 0.044886
0 0.646579 0.290614 0.056306 0.090752
0 0.582385 0.263933 0.049120 0.066730
1 0.664193 0.235622 0.044676 0.052054
1 0.582323 0.263912 0.047579 0.065078
0 0.680195 0.208457 0.030950 0.039357